========= <class 'dqn.DQN'> =========
-------- SGD --------
11.1,9.2,8.9,20.8,199.0,25.0,176.7,33.3,9.6,9.3,9.8,12.5,56.1,157.7,9.5,125.4
-------- Adam --------


========= <class 'dqn.DQN'> =========
-------- SGD --------
[13.7,9.2,92.3,197.0,200.0,200.0,200.0,200.0,200.0,200.0,200.0,200.0,181.3,200.0,200.0,200.0]
-------- Adam --------
[10.2,9.6,200.0,200.0,200.0,200.0,200.0,200.0,200.0,200.0,200.0,200.0,200.0,200.0,200.0,200.0]
========= <class 'dqn.DDQN'> =========
-------- SGD --------
[9.5,9.4,116.6,193.5,193.3,197.2,193.5,192.9,200.0,187.3,200.0,195.3,198.3,139.2,169.9,198.1]


========= <class 'dqn.DQN'> =========
-------- SGD --------
13.7,9.2,92.3,197.0,200.0,200.0,200.0,200.0,200.0,200.0,200.0,200.0,181.3,200.0,200.0,200.0
-------- Adam --------
10.2,9.6,200.0,200.0,200.0,200.0,200.0,200.0,200.0,200.0,200.0,200.0,200.0,200.0,200.0,200.0
========= <class 'dqn.DDQN'> =========
-------- SGD --------
========= <class 'dqn.DDQN'> =========
-------- SGD --------
9.5,9.4,116.6,193.5,193.3,197.2,193.5,192.9,200.0,187.3,200.0,195.3,198.3,139.2,169.9,198.1
-------- Adam --------
9.5,9.4,128.5,200.0,185.9,200.0,200.0,200.0,200.0,200.0,200.0,200.0,200.0,200.0,200.0,200.0
